1 1
1 2
1 5
1 6
1 7
1 3
1 8
1 4
2 47646
2 47647
2 13019
2 47648
2 47649
2 47650
2 7700
2 47651
2 47652
3 511596
5 1
5 9
5 10
5 11
5 12
5 13
5 14
5 15
5 16
5 17
5 18
5 19
5 7
5 8
6 1
6 20
6 12
6 13
6 21
6 22
6 23
6 24
6 25
6 7
6 8
7 1
7 5
7 26
7 27
7 23
7 28
7 29
7 30
7 18
7 31
7 32
7 8
8 1
8 5
8 33
8 34
8 35
8 21
8 36
8 37
8 32
8 7
9 71107
9 71108
9 71109
9 21
9 71110
9 71111
9 39350
9 71112
9 71113
10 1
10 30555
10 5
10 26
10 12
10 13
10 27
10 104816
10 171168
10 23
10 28
10 24
10 17
10 171169
10 29
10 171170
10 171171
10 104784
10 30
10 18
10 19
10 32
10 7
10 8
11 5
11 115323
11 9
11 10
11 171172
11 115331
11 23113
11 76269
11 171173
11 16456
11 21
11 14
11 22
11 131692
11 100299
11 24
11 15
11 73869
11 171174
11 171169
11 115355
11 171175
11 171170
11 171176
11 100619
11 32
11 100308
11 7
11 8
11 171177
12 1
12 5
12 158265
12 171178
12 171179
12 7
12 8
13 1
13 5
13 10
13 171180
13 53195
13 171181
13 104807
13 16
13 171182
13 158254
13 53205
13 171183
13 171184
13 19
13 7
13 8
14 171185
15 104770
15 104795
15 171186
15 171187
15 104771
15 21
15 22
15 23
15 104773
15 104775
15 104776
16 1
16 5
16 29
16 7
16 8
17 1
17 5
17 122158
17 11
17 171188
17 131692
17 73869
17 39350
17 7
17 8
18 1
18 5
18 104812
18 104790
18 104813
18 104814
18 104815
18 104816
18 104817
18 104818
18 104819
18 104820
18 104821
18 104822
18 104789
18 71113
18 7
18 8
19 1
19 5
19 7

19 8
20 1
20 10
20 26
20 12
20 13
20 27
20 21
20 22
20 23
20 28
20 25
20 104784
20 18
20 19
20 7
20 8
22 8807
22 8808
22 8809
22 8810
22 8811
23 1
23 5
23 104785
23 104786
23 104787
23 104788
23 104789
23 7
23 8
24 1
24 5
24 303368
24 303369
24 303370
24 303371
24 104821
24 124673
24 171169
24 171170
24 171176
24 71113
24 32
24 7
24 303372
24 8
25 1
25 10
25 20
25 26
25 500170
25 122158
25 12
25 13
25 21
25 22
25 171188
25 23
25 28
25 73869
25 104784
25 19
25 7
25 8
26 1
26 5
26 9
26 10 
